erisk2022-T3_Subject1 6 5 6 6 6 6 5 6 6 6 6 6 5 6 6 6 6 6 6 6 6 6
erisk2022-T3_Subject2 0 0 0 0 0 1 3 0 1 0 0 0 0 0 1 0 1 0 0 1 2 1
erisk2022-T3_Subject3 1 6 0 0 2 1 3 1 0 0 0 2 2 1 1 2 3 0 2 3 4 2
erisk2022-T3_Subject4 2 1 4 6 1 6 4 5 4 6 6 6 4 6 2 2 6 1 3 6 5 4
erisk2022-T3_Subject5 6 0 3 6 5 4 3 1 3 0 1 0 5 2 1 0 1 0 4 5 2 3
erisk2022-T3_Subject6 6 3 0 5 2 2 2 2 1 4 5 5 2 2 1 5 4 6 6 5 5 4
erisk2022-T3_Subject7 0 0 0 0 0 1 0 0 1 1 1 1 1 1 0 2 1 0 0 1 1 1
erisk2022-T3_Subject8 5 2 3 6 1 1 6 0 6 6 0 3 0 0 0 5 5 0 0 2 4 0
erisk2022-T3_Subject9 6 6 0 6 6 6 6 0 6 6 6 6 2 2 2 6 6 4 6 6 6 6
erisk2022-T3_Subject10 4 3 3 6 4 6 6 6 6 6 3 4 4 5 5 6 6 6 6 5 4 5
erisk2022-T3_Subject11 2 1 1 1 1 2 0 2 1 1 6 2 0 1 0 3 3 1 5 4 4 2
erisk2022-T3_Subject12 0 0 0 0 0 0 0 0 0 0 0 0 0 0 0 0 0 0 0 1 0 0
erisk2022-T3_Subject13 5 2 1 2 5 6 2 1 4 6 3 3 4 6 1 5 5 1 2 3 4 5
erisk2022-T3_Subject14 6 2 6 6 6 6 2 2 4 6 4 6 1 3 2 6 6 5 6 6 4 6
erisk2022-T3_Subject15 6 1 6 3 6 6 6 5 6 6 6 6 3 4 2 5 5 6 6 5 6 5
erisk2022-T3_Subject16 6 5 5 6 5 6 6 6 6 6 6 6 0 6 4 6 6 5 6 6 6 6
erisk2022-T3_Subject17 5 0 4 6 4 6 6 6 6 6 6 6 1 6 2 6 6 3 6 6 6 6
erisk2022-T3_Subject18 0 0 0 0 0 1 1 0 0 1 3 2 0 0 0 0 0 0 2 3 2 0
erisk2022-T3_Subject19 1 1 0 0 3 1 0 1 0 1 2 2 1 0 0 3 3 0 4 4 1 1
erisk2022-T3_Subject20 6 3 6 6 6 4 6 6 6 6 6 3 1 0 0 5 2 1 2 1 4 6
erisk2022-T3_Subject21 6 5 4 6 6 6 6 6 5 6 6 6 6 6 6 6 6 1 5 5 6 6
erisk2022-T3_Subject22 3 1 6 2 0 3 4 4 6 6 6 6 1 2 3 5 6 4 6 6 6 2
erisk2022-T3_Subject23 6 0 6 6 6 6 3 0 4 1 5 6 4 3 1 3 5 2 0 6 6 5
erisk2022-T3_Subject24 3 3 3 0 2 6 3 3 5 5 5 4 1 1 1 5 5 6 5 5 5 6
erisk2022-T3_Subject25 6 5 4 6 6 6 3 3 5 6 6 6 0 6 6 6 6 0 6 6 6 6
erisk2022-T3_Subject26 6 6 6 6 6 6 6 6 6 6 6 6 2 1 6 6 6 2 6 5 6 6
erisk2022-T3_Subject27 1 0 0 0 0 3 0 0 0 1 3 1 0 0 1 3 4 0 4 4 4 4
erisk2022-T3_Subject28 2 0 1 1 3 5 3 1 2 6 6 3 3 5 0 4 2 6 4 1 2 3
